
Kodas          Pavarde        Vardas         Indeliai            Premijos                      Suma      
-----------------------------------------------------------------------------------------

33008141568    Aaaaaa         Aaaaaaaaa        7   2   2   3    853    138    761     71      1825
39011128434    Bbbbbb         Bbbbbbbbb        7   6   1   9    853    416    380    214      1865
37103044686    Cccccc         Ccccccccc        4   5   4   6    487    347   1523    142      2501
37702131348    Dddddd         Ddddddddd        9   4   3   6   1097    277   1142    142      2661
36401288430    Eeeeee         Eeeeeeeee        1   2   3   4    121    138   1142     95      1498
39012128243    Ffffff         Fffffffff        6   7   1   9    731    486    380    214      1813
37407011234    Gggggg         Ggggggggg        2   1   0   3    243     69      0     71       384
38604163754    Hhhhhh         Hhhhhhhhh        5   9   7   2    609    625   2666     47      3949
-----------------------------------------------------------------------------------------
